# solution IDs are scoped to this hipBLASLt version and device architecture
STRATA_HIPBLASLT_TUNING_V1 gfx1201 100200
bf16 1 2560 1 4096 66889
bf16 4 10240 4 8192 66597
bf16 48 2560 96 4096 66889
bf16 48 2560 96 8192 66889
bf16 128 2560 128 4096 66889
bf16 128 2560 128 8192 66881
bf16 320 10240 320 4096 66885
bf16 320 10240 320 8192 66889
bf16 512 2560 512 8192 66132
bf16 2560 2560 2560 8192 66418
bf16 10240 320 10240 4096 66881
bf16 10240 320 10240 8192 66881
f16 512 2560 512 4096 80655
f16 512 2560 512 8192 80655
f16 640 2560 640 4096 80655
f16 640 2560 640 8192 80816
f16 2560 640 2560 4096 81403
f16 2560 640 2560 8192 81403
f16 2560 6144 2560 4096 80941
f16 2560 6144 2560 8192 81410
f16 6144 2560 6144 4096 80941
f16 6144 2560 6144 8192 80840
f16 10240 2560 10240 4096 80941
f16 10240 2560 10240 8192 80941
f16 12288 2560 12288 4096 80941
f16 12288 2560 12288 8192 81403
