# RX 7700 XT (gfx1101), ROCm 7.2.1-complete, hipBLASLt 1.2.2.
# libhipblaslt.so SHA-256: c40df6fe45de5ae3ee60eccf5885536b21486cfff7d361ccdf4955a1db971c1f
# 58 calibrated rows; dense token buckets 128/512/2048, extra FP16 expert buckets 16..512.
# Measurement and reproduction: docs/AMD_HIP_GFX1101_TUNING.md.
STRATA_HIPBLASLT_TUNING_V1 gfx1101 100202
bf16 1 2560 1 128 1812
bf16 1 2560 1 512 1812
bf16 1 2560 1 2048 1814
bf16 4 10240 4 128 1813
bf16 4 10240 4 512 1812
bf16 4 10240 4 2048 1814
bf16 48 2560 96 128 1813
bf16 48 2560 96 512 1813
bf16 48 2560 96 2048 1814
bf16 128 2560 128 128 1813
bf16 128 2560 128 512 1814
bf16 128 2560 128 2048 1815
bf16 320 10240 320 128 1813
bf16 320 10240 320 512 1815
bf16 320 10240 320 2048 1815
bf16 512 2560 512 128 1813
bf16 512 2560 512 512 1815
bf16 512 2560 512 2048 1815
bf16 2560 2560 2560 128 1815
bf16 2560 2560 2560 512 1815
bf16 2560 2560 2560 2048 1815
bf16 10240 320 10240 128 1815
bf16 10240 320 10240 512 1815
bf16 10240 320 10240 2048 1815
bf16 10240 2560 10240 128 1815
bf16 10240 2560 10240 512 1815
bf16 10240 2560 10240 2048 1815
f16 512 2560 512 128 2509
f16 512 2560 512 512 2510
f16 512 2560 512 2048 2510
f16 640 2560 640 128 2508
f16 640 2560 640 512 2510
f16 640 2560 640 2048 2510
f16 1280 2560 1280 16 2508
f16 1280 2560 1280 32 2508
f16 1280 2560 1280 64 2508
f16 1280 2560 1280 128 2508
f16 1280 2560 1280 256 2510
f16 1280 2560 1280 512 2510
f16 2560 640 2560 16 2508
f16 2560 640 2560 32 2508
f16 2560 640 2560 64 2509
f16 2560 640 2560 128 2510
f16 2560 640 2560 256 2510
f16 2560 640 2560 512 2510
f16 2560 640 2560 2048 2510
f16 2560 6144 2560 128 2510
f16 2560 6144 2560 512 2510
f16 2560 6144 2560 2048 2510
f16 6144 2560 6144 128 2510
f16 6144 2560 6144 512 2510
f16 6144 2560 6144 2048 2510
f16 10240 2560 10240 128 2510
f16 10240 2560 10240 512 2510
f16 10240 2560 10240 2048 2510
f16 12288 2560 12288 128 2509
f16 12288 2560 12288 512 2510
f16 12288 2560 12288 2048 2510
