# solution IDs are scoped to this hipBLASLt version and device architecture
STRATA_HIPBLASLT_TUNING_V1 gfx1201 100401
bf16 1 2560 1 4096 110508
bf16 48 2560 96 4096 110419
bf16 48 2560 96 8192 110505
bf16 128 2560 128 4096 110419
bf16 128 2560 128 8192 110161
bf16 320 10240 320 4096 110416
bf16 320 10240 320 8192 110420
bf16 512 2560 512 8192 110432
bf16 2560 2560 2560 8192 110418
bf16 10240 320 10240 8192 110433
f16 512 2560 512 4096 135697
f16 512 2560 512 8192 135625
f16 640 2560 640 4096 135629
f16 640 2560 640 8192 135189
f16 2560 640 2560 4096 135625
f16 2560 640 2560 8192 135611
f16 2560 6144 2560 4096 135187
f16 2560 6144 2560 8192 135625
f16 6144 2560 6144 4096 135625
f16 6144 2560 6144 8192 135625
f16 10240 2560 10240 4096 135625
f16 10240 2560 10240 8192 135625
f16 12288 2560 12288 4096 135625
f16 12288 2560 12288 8192 135625
