1791284921.092091688 134940217344 68522541056 15948 16002
1791284926.139241924 134940217344 68454633472 15948 16002
1791284931.186348874 134940217344 68370673664 15948 16002
1791284936.239568019 134940217344 68397330432 15948 16002
1791284941.294214553 134940217344 68411850752 15948 16002
1791284946.348117697 134940217344 68229738496 15948 16002
1791284951.394958851 134940217344 68214689792 15948 16002
1791284956.448971320 134940217344 68226658304 15948 16002
1791284961.500889699 134940217344 68819369984 15948 16002
1791284966.547384862 134940217344 68989812736 15948 16002
1791284971.593750131 134940217344 69008633856 15948 16002
1791284976.639529800 134940217344 69008994304 15948 16002
1791284981.685472508 134940217344 69020569600 15948 16002
1791284986.733216306 134940217344 68988141568 15948 16002
1791284991.779760933 134940217344 68937846784 15948 16002
1791284996.825353813 134940217344 68924878848 15948 16002
1791285001.870866680 134940217344 68884475904 15948 16002
1791285006.916836560 134940217344 68894801920 15948 16002
1791285011.965020625 134940217344 68923600896 15948 16002
1791285017.010770432 134940217344 68934660096 15948 16002
1791285022.056457279 134940217344 68952518656 15948 16002
1791285027.103003174 134940217344 68949803008 15948 16002
1791285032.149544733 134940217344 68955824128 15948 16002
1791285037.195783865 134940217344 68994027520 15948 16002
1791285042.242876561 134940217344 68974227456 15948 16002
1791285047.289040431 134940217344 68990001152 15948 16002
1791285052.335038543 134940217344 68988329984 15948 16002
1791285057.382571785 134940217344 68997435392 15948 16002
1791285062.428970483 134940217344 68997976064 15948 16002
1791285067.474087226 134940217344 68991406080 15948 16002
1791285072.520026134 134940217344 68974055424 15948 16002
1791285077.566476066 134940217344 68990742528 15948 16002
1791285082.612129696 134940217344 68973002752 15948 16002
1791285087.657222965 134940217344 68977283072 15948 16002
1791285092.703900371 134940217344 69119950848 15948 16002
1791285097.764287315 134940217344 69123715072 15948 16002
1791285102.819464814 134940217344 69108752384 15948 16002
1791285107.867275297 134940217344 69097955328 15948 16002
1791285112.914177906 134940217344 69065973760 15948 16002
1791285117.962912146 134940217344 69075341312 15948 16002
1791285123.010462482 134940217344 69069840384 15948 16002
1791285128.057467412 134940217344 69096644608 15948 16002
1791285133.104563716 134940217344 69074522112 15948 16002
1791285138.151657585 134940217344 69077823488 15948 16002
1791285143.199271559 134940217344 69051588608 15948 16002
1791285148.245805677 134940217344 69093810176 15948 16002
1791285153.293282318 134940217344 69097631744 15948 16002
1791285158.340643498 134940217344 69105942528 15948 16002
1791285163.386863487 134940217344 69106683904 15948 16002
1791285168.433379109 134940217344 69050249216 15948 16002
1791285173.481636402 134940217344 69012779008 15948 16002
1791285178.527918334 134940217344 69021446144 15948 16002
1791285183.573966310 134940217344 68980248576 15948 16002
1791285188.619172125 134940217344 69000916992 15948 16002
1791285193.664507183 134940217344 69027840000 15948 16002
1791285198.709341117 134940217344 69121478656 15948 16002
1791285203.755567091 134940217344 69117128704 15948 16002
1791285208.801867777 134940217344 69378760704 15948 16002
1791285213.847507144 134940217344 69356314624 15948 16002
1791285218.892860704 134940217344 69375303680 15948 16002
1791285223.938881278 134940217344 69295362048 15948 16002
1791285228.985294441 134940217344 69327290368 15948 16002
1791285234.031731262 134940217344 69301256192 15948 16002
1791285239.077613867 134940217344 69249929216 15948 16002
1791285244.122690574 134940217344 69261185024 15948 16002
1791285249.168252268 134940217344 69162745856 15948 16002
1791285254.214172586 134940217344 69168926720 15948 16002
1791285259.260252279 134940217344 69180100608 15948 16002
1791285264.305865825 134940217344 69185167360 15948 16002
1791285269.356376672 134940217344 69189632000 15948 16002
1791285274.402405114 134940217344 69141569536 15948 16002
1791285279.449210190 134940217344 69118779392 15948 16002
1791285284.494866733 134940217344 69116055552 15948 16002
1791285289.541426040 134940217344 69058920448 15948 16002
1791285294.587733558 134940217344 68888592384 15948 16002
1791285299.641945655 134940217344 68885635072 15948 16002
1791285304.696456846 134940217344 68886315008 15948 16002
1791285309.749010375 134940217344 68825911296 15948 16002
1791285314.798040611 134940217344 68837736448 15948 16002
1791285319.844014039 134940217344 68852031488 15948 16002
1791285324.890127528 134940217344 68829270016 15948 16002
1791285329.935840618 134940217344 68855169024 15948 16002
1791285334.982247619 134940217344 68821557248 15948 16002
1791285340.027983991 134940217344 68794122240 15948 16002
1791285345.074488449 134940217344 68771659776 15948 16002
1791285350.119518324 134940217344 68743688192 15948 16002
1791285355.164796514 134940217344 68694401024 15948 16002
1791285360.211070551 134940217344 68661174272 15948 16002
1791285365.256845544 134940217344 68631052288 15948 16002
1791285370.302032946 134940217344 68593512448 15948 16002
1791285375.347286982 134940217344 68597776384 15948 16002
1791285380.395049195 134940217344 68621840384 15948 16002
1791285385.441035851 134940217344 68656156672 15948 16002
1791285390.485961742 134940217344 68673216512 15948 16002
1791285395.531532630 134940217344 68668936192 15948 16002
1791285400.577810198 134940217344 68667351040 15948 16002
1791285405.622986772 134940217344 68662628352 15948 16002
1791285410.667931096 134940217344 68659064832 15948 16002
1791285415.713011327 134940217344 68663123968 15948 16002
1791285420.758347707 134940217344 68659023872 15948 16002
1791285425.804431123 134940217344 68655976448 15948 16002
1791285430.849430362 134940217344 68608970752 15948 16002
1791285435.895825866 134940217344 68479438848 15948 16002
1791285440.949257791 134940217344 68451106816 15948 16002
1791285445.996192711 134940217344 68333256704 15948 16002
1791285451.049133061 134940217344 68328230912 15948 16002
1791285456.102337790 134940217344 68332077056 15948 16002
1791285461.147231543 134940217344 68349272064 15948 16002
1791285466.191454667 134940217344 68348297216 15948 16002
1791285471.237588661 134940217344 68347842560 15948 16002
1791285476.282205740 134940217344 68338610176 15948 16002
1791285481.327740259 134940217344 68333228032 15948 16002
1791285486.372110231 134940217344 68345020416 15948 16002
1791285491.417333714 134940217344 68339224576 15948 16002
1791285496.463286788 134940217344 68325138432 15948 16002
1791285501.509098621 134940217344 68337782784 15948 16002
1791285506.554096309 134940217344 68362375168 15948 16002
1791285511.599192206 134940217344 68361216000 15948 16002
1791285516.644705028 134940217344 68356947968 15948 16002
1791285521.690720342 134940217344 68330524672 15948 16002
1791285526.735715973 134940217344 68344115200 15948 16002
1791285531.781835886 134940217344 68408229888 15948 16002
1791285536.827142680 134940217344 68400676864 15948 16002
1791285541.872769066 134940217344 68384661504 15948 16002
1791285546.919087622 134940217344 68380184576 15948 16002
1791285551.965164388 134940217344 68385517568 15948 16002
1791285557.010896326 134940217344 68381442048 15948 16002
1791285562.056458558 134940217344 68371374080 15948 16002
1791285567.101508287 134940217344 68386025472 15948 16002
1791285572.147874356 134940217344 68388683776 15948 16002
1791285577.194072090 134940217344 68404699136 15948 16002
1791285582.239517903 134940217344 68406923264 15948 16002
1791285587.286074087 134940217344 68409032704 15948 16002
1791285592.331012521 134940217344 68398616576 15948 16002
1791285597.377136117 134940217344 68393517056 15948 16002
1791285602.423047692 134940217344 68386689024 15948 16002
1791285607.469240052 134940217344 68382404608 15948 16002
1791285612.514290825 134940217344 68372000768 15948 16002
1791285617.559853638 134940217344 68369649664 15948 16002
1791285622.605395847 134940217344 68386496512 15948 16002
1791285627.650784876 134940217344 68388495360 15948 16002
1791285632.695991696 134940217344 68385935360 15948 16002
1791285637.742333398 134940217344 68383576064 15948 16002
1791285642.788172799 134940217344 68374634496 15948 16002
1791285647.835387915 134940217344 68380782592 15948 16002
1791285652.881096352 134940217344 68399349760 15948 16002
1791285657.927240065 134940217344 68397682688 15948 16002
1791285662.973639637 134940217344 68410957824 15948 16002
1791285668.019052317 134940217344 68394381312 15948 16002
1791285673.065553682 134940217344 68389154816 15948 16002
1791285678.111180428 134940217344 68386299904 15948 16002
1791285683.156341799 134940217344 68422635520 15948 16002
1791285688.202455666 134940217344 68429422592 15948 16002
1791285693.248001989 134940217344 68430180352 15948 16002
1791285698.293974882 134940217344 68424118272 15948 16002
1791285703.339653714 134940217344 68433231872 15948 16002
1791285708.385425273 134940217344 68426371072 15948 16002
1791285713.430819606 134940217344 68433444864 15948 16002
1791285718.476261782 134940217344 68424855552 15948 16002
1791285723.522233831 134940217344 68415221760 15948 16002
1791285728.567797518 134940217344 68411179008 15948 16002
1791285733.611756331 134940217344 68411428864 15948 16002
1791285738.656192449 134940217344 68338671616 15948 16002
1791285743.700232484 134940217344 68279533568 15948 16002
1791285748.744919380 134940217344 68320382976 15948 16002
1791285753.789606729 134940217344 68364718080 15948 16002
1791285758.835405670 134940217344 68228456448 15948 16002
1791285763.882008393 134940217344 68259852288 15948 16002
1791285768.938211479 134940217344 68316946432 15948 16002
1791285773.983838070 134940217344 68311404544 15948 16002
1791285779.029573091 134940217344 68330065920 15948 16002
1791285784.075022832 134940217344 68326223872 15948 16002
1791285789.120217980 134940217344 68320415744 15948 16002
1791285794.165534473 134940217344 68307992576 15948 16002
1791285799.211011211 134940217344 68235145216 15948 16002
1791285804.257501852 134940217344 68307300352 15948 16002
1791285809.302569041 134940217344 68286414848 15948 16002
1791285814.348024563 134940217344 68298379264 15948 16002
1791285819.394257372 134940217344 68322746368 15948 16002
1791285824.445475022 134940217344 68330835968 15948 16002
1791285829.491231855 134940217344 68398338048 15948 16002
1791285834.537043778 134940217344 68397264896 15948 16002
1791285839.582446773 134940217344 68382945280 15948 16002
1791285844.627441171 134940217344 68383776768 15948 16002
1791285849.673067708 134940217344 68384800768 15948 16002
1791285854.718334203 134940217344 68392198144 15948 16002
1791285859.763415396 134940217344 68394823680 15948 16002
1791285864.809272000 134940217344 68395286528 15948 16002
1791285869.854868460 134940217344 68403322880 15948 16002
1791285874.900704722 134940217344 68427980800 15948 16002
1791285879.946895510 134940217344 68426006528 15948 16002
1791285884.993017010 134940217344 68420702208 15948 16002
1791285890.037974404 134940217344 68419375104 15948 16002
1791285895.083933493 134940217344 68413636608 15948 16002
1791285900.129772517 134940217344 68408303616 15948 16002
1791285905.176077029 134940217344 68413546496 15948 16002
1791285910.220893442 134940217344 68422107136 15948 16002
1791285915.266573099 134940217344 68425613312 15948 16002
1791285920.312723070 134940217344 68419866624 15948 16002
1791285925.359188052 134940217344 68426194944 15948 16002
1791285930.405023163 134940217344 68420411392 15948 16002
1791285935.450470431 134940217344 68420493312 15948 16002
1791285940.496255541 134940217344 68417986560 15948 16002
1791285945.542352602 134940217344 68404031488 15948 16002
1791285950.590503083 134940217344 68412452864 15948 16002
1791285955.636441900 134940217344 68419866624 15948 16002
1791285960.681816035 134940217344 68406583296 15948 16002
1791285965.727252150 134940217344 68403752960 15948 16002
1791285970.772498690 134940217344 68404760576 15948 16002
1791285975.818328698 134940217344 68417306624 15948 16002
1791285980.864096995 134940217344 68412071936 15948 16002
1791285985.910051507 134940217344 68432830464 15948 16002
1791285990.955863317 134940217344 68441198592 15948 16002
1791285996.001853255 134940217344 68442038272 15948 16002
1791286001.048114867 134940217344 68438257664 15948 16002
1791286006.094035484 134940217344 68438368256 15948 16002
1791286011.138812589 134940217344 68443836416 15948 16002
1791286016.183410959 134940217344 68440236032 15948 16002
1791286021.229628625 134940217344 68437176320 15948 16002
1791286026.274867930 134940217344 68435214336 15948 16002
1791286031.323051569 134940217344 68441718784 15948 16002
1791286036.367705737 134940217344 68438855680 15948 16002
1791286041.412040510 134940217344 68418772992 15948 16002
1791286046.457823210 134940217344 68443373568 15948 16002
1791286051.504194808 134940217344 68432695296 15948 16002
1791286056.549971983 134940217344 68433383424 15948 16002
1791286061.596335426 134940217344 68435128320 15948 16002
1791286066.641906955 134940217344 68451459072 15948 16002
1791286071.688069225 134940217344 68451303424 15948 16002
1791286076.733860872 134940217344 68437512192 15948 16002
1791286081.779128624 134940217344 68424642560 15948 16002
1791286086.825974303 134940217344 68428144640 15948 16002
1791286091.871998547 134940217344 68425465856 15948 16002
1791286096.917952838 134940217344 68435374080 15948 16002
1791286101.963916873 134940217344 68433801216 15948 16002
1791286107.009669780 134940217344 68436656128 15948 16002
1791286112.056200211 134940217344 68443856896 15948 16002
1791286117.101303211 134940217344 68451885056 15948 16002
1791286122.147081560 134940217344 68452552704 15948 16002
1791286127.193439556 134940217344 68439146496 15948 16002
1791286132.239709805 134940217344 68437405696 15948 16002
1791286137.286005697 134940217344 68426981376 15948 16002
1791286142.334101125 134940217344 68421120000 15948 16002
1791286147.379337472 134940217344 68425732096 15948 16002
1791286152.425098407 134940217344 68438605824 15948 16002
1791286157.470781414 134940217344 68439515136 15948 16002
1791286162.517056835 134940217344 68438618112 15948 16002
1791286167.563049368 134940217344 68427411456 15948 16002
1791286172.609306981 134940217344 68451164160 15948 16002
1791286177.656221055 134940217344 68439064576 15948 16002
1791286182.703023583 134940217344 68420050944 15948 16002
1791286187.748873868 134940217344 68416450560 15948 16002
1791286192.794702661 134940217344 68271869952 15948 16002
1791286197.848008381 134940217344 68302065664 15948 16002
1791286202.895102727 134940217344 68236619776 15948 16002
1791286207.947977341 134940217344 68281802752 15948 16002
1791286212.993998532 134940217344 68302729216 15948 16002
1791286218.040215166 134940217344 68324581376 15948 16002
1791286223.086495188 134940217344 68331847680 15948 16002
1791286228.132049270 134940217344 68351602688 15948 16002
1791286233.178488586 134940217344 68335276032 15948 16002
1791286238.224281097 134940217344 68337479680 15948 16002
1791286243.269534343 134940217344 68331536384 15948 16002
1791286248.315107182 134940217344 68340834304 15948 16002
1791286253.360324949 134940217344 68331311104 15948 16002
1791286258.405404685 134940217344 68343185408 15948 16002
1791286263.451692117 134940217344 68354105344 15948 16002
1791286268.497159620 134940217344 68385968128 15948 16002
1791286273.542702735 134940217344 68405813248 15948 16002
1791286278.587686651 134940217344 68403265536 15948 16002
1791286283.633133790 134940217344 68405800960 15948 16002
1791286288.678606011 134940217344 68427407360 15948 16002
1791286293.723520024 134940217344 68422782976 15948 16002
1791286298.769894252 134940217344 68425388032 15948 16002
1791286303.815534631 134940217344 68422995968 15948 16002
1791286308.859932021 134940217344 68422795264 15948 16002
1791286313.905471752 134940217344 68405088256 15948 16002
1791286318.951373686 134940217344 68405481472 15948 16002
1791286323.996869971 134940217344 68421705728 15948 16002
1791286329.043190103 134940217344 68409012224 15948 16002
1791286334.087983153 134940217344 68403523584 15948 16002
1791286339.134590860 134940217344 68406063104 15948 16002
1791286344.179938776 134940217344 68416020480 15948 16002
1791286349.225666713 134940217344 68409892864 15948 16002
1791286354.271339406 134940217344 68412575744 15948 16002
1791286359.316232033 134940217344 68418572288 15948 16002
1791286364.363065057 134940217344 68431687680 15948 16002
1791286369.408304039 134940217344 68427333632 15948 16002
1791286374.453201117 134940217344 68437499904 15948 16002
1791286379.499006723 134940217344 68432535552 15948 16002
1791286384.544675261 134940217344 68426362880 15948 16002
1791286389.590142503 134940217344 68430229504 15948 16002
1791286394.636533672 134940217344 68423548928 15948 16002
1791286399.682564172 134940217344 68413874176 15948 16002
1791286404.728695108 134940217344 68405207040 15948 16002
1791286409.774722963 134940217344 68414640128 15948 16002
1791286414.821041835 134940217344 68418613248 15948 16002
1791286419.866427910 134940217344 68421890048 15948 16002
1791286424.911619555 134940217344 68405886976 15948 16002
1791286429.958145243 134940217344 68399923200 15948 16002
1791286435.004010358 134940217344 68401500160 15948 16002
1791286440.050003371 134940217344 68388986880 15948 16002
1791286445.095085530 134940217344 68384923648 15948 16002
1791286450.141812730 134940217344 68397457408 15948 16002
1791286455.186900336 134940217344 68402765824 15948 16002
1791286460.232125537 134940217344 68401328128 15948 16002
1791286465.279319232 134940217344 68396818432 15948 16002
1791286470.325478356 134940217344 68401311744 15948 16002
1791286475.371218767 134940217344 68378755072 15948 16002
1791286480.417351986 134940217344 68401811456 15948 16002
1791286485.463408132 134940217344 68403335168 15948 16002
1791286490.510139374 134940217344 68404477952 15948 16002
1791286495.555579366 134940217344 68405682176 15948 16002
1791286500.601184128 134940217344 68406005760 15948 16002
1791286505.646209920 134940217344 68402683904 15948 16002
1791286510.691968877 134940217344 68400668672 15948 16002
1791286515.738903123 134940217344 68394086400 15948 16002
1791286520.785000204 134940217344 68394532864 15948 16002
1791286525.831579550 134940217344 68388397056 15948 16002
1791286530.877207347 134940217344 68377481216 15948 16002
1791286535.922650808 134940217344 68390539264 15948 16002
1791286540.968832478 134940217344 68390850560 15948 16002
1791286546.014491397 134940217344 68387975168 15948 16002
1791286551.060250783 134940217344 68385832960 15948 16002
1791286556.105380545 134940217344 68375355392 15948 16002
1791286561.150044142 134940217344 68378087424 15948 16002
1791286566.196927168 134940217344 68387422208 15948 16002
1791286571.242469305 134940217344 68376416256 15948 16002
1791286576.288411050 134940217344 68374691840 15948 16002
1791286581.334750490 134940217344 68387074048 15948 16002
1791286586.380014428 134940217344 68368605184 15948 16002
1791286591.425807188 134940217344 68378939392 15948 16002
1791286596.471985865 134940217344 68386193408 15948 16002
1791286601.518280131 134940217344 68380278784 15948 16002
1791286606.564313055 134940217344 68389806080 15948 16002
1791286611.610513814 134940217344 68218490880 15948 16002
1791286616.665329315 134940217344 68243984384 15948 16002
1791286621.719704107 134940217344 68258668544 15948 16002
1791286626.766071570 134940217344 68160782336 15948 16002
1791286631.819596077 134940217344 68217569280 15948 16002
1791286636.873760219 134940217344 68248711168 15948 16002
1791286641.919924601 134940217344 68189880320 15948 16002
1791286646.973395397 134940217344 68225044480 15948 16002
1791286652.026906411 134940217344 68249903104 15948 16002
1791286657.073538252 134940217344 68168704000 15948 16002
1791286662.126842814 134940217344 68211785728 15948 16002
1791286667.179787848 134940217344 68236746752 15948 16002
1791286672.234156878 134940217344 68251095040 15948 16002
1791286677.286549176 134940217344 68246061056 15948 16002
1791286682.340128635 134940217344 68240572416 15948 16002
1791286687.393815150 134940217344 68224778240 15948 16002
1791286692.439838407 134940217344 68124852224 15948 16002
1791286697.493493298 134940217344 68177952768 15948 16002
1791286702.547203944 134940217344 68207075328 15948 16002
1791286707.600480210 134940217344 68903981056 15948 16002
1791286712.646803135 134940217344 68919844864 15948 16002
1791286717.692470912 134940217344 68920672256 15948 16002
1791286722.743274615 134940217344 68971360256 15948 16002
1791286727.789984690 134940217344 68895371264 15948 16002
1791286732.835753255 134940217344 68901916672 15948 16002
1791286737.882041980 134940217344 68928659456 15948 16002
1791286742.933384482 134940217344 68882354176 15948 16002
1791286747.979430674 134940217344 68873965568 15948 16002
1791286753.025642306 134940217344 68813045760 15948 16002
1791286758.073036260 134940217344 68814528512 15948 16002
1791286763.118971739 134940217344 68802203648 15948 16002
1791286768.166697646 134940217344 68728815616 15948 16002
1791286773.212903516 134940217344 68776681472 15948 16002
1791286778.261555843 134940217344 68862849024 15948 16002
1791286783.308419280 134940217344 68756049920 15948 16002
1791286788.362234656 134940217344 69041774592 15948 16002
1791286793.409080568 134940217344 69079027712 15948 16002
1791286798.454207717 134940217344 69086978048 15948 16002
1791286803.501953275 134940217344 69081382912 15948 16002
1791286808.548304479 134940217344 69016956928 15948 16002
1791286813.596113711 134940217344 69021921280 15948 16002
1791286818.642420901 134940217344 69011656704 15948 16002
1791286823.689495117 134940217344 68955557888 15948 16002
1791286828.737036845 134940217344 68966838272 15948 16002
1791286833.783195348 134940217344 68835352576 15948 16002
1791286838.836884302 134940217344 68839256064 15948 16002
1791286843.883117802 134940217344 68843851776 15948 16002
1791286848.929988519 134940217344 68840558592 15948 16002
1791286853.975525947 134940217344 68839538688 15948 16002
1791286859.021735707 134940217344 68790599680 15948 16002
1791286864.070042934 134940217344 68784259072 15948 16002
1791286869.118541511 134940217344 68778905600 15948 16002
1791286874.164669268 134940217344 68719632384 15948 16002
1791286879.211379006 134940217344 68719034368 15948 16002
1791286884.257546941 134940217344 68689670144 15948 16002
1791286889.306613438 134940217344 68539244544 15948 16002
1791286894.360115436 134940217344 68522983424 15948 16002
1791286899.405270542 134940217344 68528091136 15948 16002
1791286904.450741029 134940217344 68420145152 15948 16002
1791286909.504227385 134940217344 68421124096 15948 16002
1791286914.556804623 134940217344 68408762368 15948 16002
1791286919.612710780 134940217344 68228780032 15948 16002
1791286924.659761448 134940217344 68098560000 15948 16002
1791286929.713818673 134940217344 68098002944 15948 16002
1791286934.767040412 134940217344 68103495680 15948 16002
1791286939.821714657 134940217344 68801179648 15948 16002
1791286944.870429974 134940217344 68757008384 15948 16002
1791286949.918647473 134940217344 68795142144 15948 16002
1791286954.965005295 134940217344 68824383488 15948 16002
1791286960.011147326 134940217344 68831010816 15948 16002
1791286965.057539505 134940217344 68780093440 15948 16002
1791286970.103884193 134940217344 68776259584 15948 16002
1791286975.151978248 134940217344 68776116224 15948 16002
1791286980.198233057 134940217344 68717989888 15948 16002
1791286985.244698290 134940217344 68704751616 15948 16002
1791286990.291488404 134940217344 68575805440 15948 16002
1791286995.337259972 134940217344 68567728128 15948 16002
1791287000.385124892 134940217344 68563079168 15948 16002
1791287005.430071513 134940217344 68555137024 15948 16002
1791287010.476491111 134940217344 68583366656 15948 16002
1791287015.522547818 134940217344 68510482432 15948 16002
1791287020.568935427 134940217344 68501909504 15948 16002
1791287025.614774283 134940217344 68892979200 15948 16002
1791287030.663983593 134940217344 68820086784 15948 16002
1791287035.713955629 134940217344 68806111232 15948 16002
1791287040.760843644 134940217344 68766396416 15948 16002
1791287045.806869720 134940217344 68633669632 15948 16002
1791287050.860356847 134940217344 68682133504 15948 16002
1791287055.915266351 134940217344 68705189888 15948 16002
1791287060.968531580 134940217344 69209686016 15948 16002
1791287066.013911961 134940217344 69243228160 15948 16002
1791287071.060754197 134940217344 69242519552 15948 16002
1791287076.110046723 134940217344 69234995200 15948 16002
1791287081.159884658 134940217344 69178740736 15948 16002
1791287086.206278335 134940217344 69208276992 15948 16002
1791287091.252075071 134940217344 69193457664 15948 16002
1791287096.310034866 134940217344 69147205632 15948 16002
1791287101.357241792 134940217344 69141454848 15948 16002
1791287106.403278924 134940217344 69147127808 15948 16002
1791287111.449534260 134940217344 69080477696 15948 16002
1791287116.494954262 134940217344 69072703488 15948 16002
1791287121.545394744 134940217344 69082677248 15948 16002
1791287126.594184007 134940217344 69015080960 15948 16002
1791287131.640929802 134940217344 69033041920 15948 16002
1791287136.687032727 134940217344 68974555136 15948 16002
1791287141.734210862 134940217344 68972331008 15948 16002
1791287146.780421556 134940217344 68966191104 15948 16002
1791287151.827117807 134940217344 68905906176 15948 16002
1791287156.872678552 134940217344 68892958720 15948 16002
1791287161.918696120 134940217344 68891676672 15948 16002
1791287166.964501734 134940217344 68841078784 15948 16002
1791287172.013543040 134940217344 68847992832 15948 16002
1791287177.061902224 134940217344 68842536960 15948 16002
1791287182.108483214 134940217344 68781015040 15948 16002
1791287187.155114386 134940217344 68771127296 15948 16002
1791287192.203604980 134940217344 68706758656 15948 16002
1791287197.249926839 134940217344 68722298880 15948 16002
1791287202.304334141 134940217344 68724379648 15948 16002
1791287207.351475439 134940217344 68677554176 15948 16002
1791287212.405496679 134940217344 68677337088 15948 16002
1791287217.451801972 134940217344 68670275584 15948 16002
1791287222.498075713 134940217344 68606947328 15948 16002
1791287227.544210880 134940217344 68619120640 15948 16002
1791287232.589965615 134940217344 68614582272 15948 16002
1791287237.637311818 134940217344 68542996480 15948 16002
1791287242.686248221 134940217344 68549226496 15948 16002
1791287247.732360857 134940217344 68548591616 15948 16002
1791287252.780889737 134940217344 68471808000 15948 16002
1791287257.826415206 134940217344 68472594432 15948 16002
1791287262.872744362 134940217344 68477972480 15948 16002
1791287267.918748941 134940217344 68476702720 15948 16002
1791287272.968756162 134940217344 68498354176 15948 16002
1791287278.015074617 134940217344 68533006336 15948 16002
1791287283.061081435 134940217344 68521771008 15948 16002
1791287288.107414764 134940217344 68535230464 15948 16002
1791287293.153621060 134940217344 68529790976 15948 16002
1791287298.200292932 134940217344 68415393792 15948 16002
1791287303.253619985 134940217344 68445618176 15948 16002
1791287308.307420844 134940217344 69192777728 15948 16002
1791287313.353544304 134940217344 69226848256 15948 16002
1791287318.400277870 134940217344 69228015616 15948 16002
1791287323.446366869 134940217344 69245014016 15948 16002
1791287328.492406979 134940217344 69235675136 15948 16002
1791287333.538918698 134940217344 69156036608 15948 16002
1791287338.585212689 134940217344 69162901504 15948 16002
1791287343.634863380 134940217344 69169647616 15948 16002
1791287348.680467554 134940217344 69107200000 15948 16002
1791287353.726849675 134940217344 69108252672 15948 16002
1791287358.773208646 134940217344 68954533888 15948 16002
1791287363.819499270 134940217344 68972630016 15948 16002
1791287368.875430553 134940217344 68968759296 15948 16002
1791287373.926666941 134940217344 69002993664 15948 16002
1791287378.973204961 134940217344 68992557056 15948 16002
1791287384.020116341 134940217344 68935122944 15948 16002
1791287389.066379250 134940217344 68925489152 15948 16002
1791287394.114092827 134940217344 68932591616 15948 16002
1791287399.160531228 134940217344 68876599296 15948 16002
1791287404.206614535 134940217344 68861247488 15948 16002
1791287409.253794517 134940217344 68871598080 15948 16002
1791287414.302695499 134940217344 68721082368 15948 16002
1791287419.357098988 134940217344 68709625856 15948 16002
1791287424.411637602 134940217344 69151313920 15948 16002
1791287429.458567697 134940217344 69181440000 15948 16002
1791287434.508788309 134940217344 69196427264 15948 16002
1791287439.556166302 134940217344 69223821312 15948 16002
1791287444.602915154 134940217344 69226795008 15948 16002
1791287449.648890687 134940217344 69166182400 15948 16002
1791287454.694384471 134940217344 69160628224 15948 16002
1791287459.739424461 134940217344 69135818752 15948 16002
1791287464.784670604 134940217344 69074554880 15948 16002
1791287469.831801160 134940217344 69096554496 15948 16002
1791287474.879636548 134940217344 69013716992 15948 16002
1791287479.927294195 134940217344 69006520320 15948 16002
1791287484.973218469 134940217344 69027749888 15948 16002
1791287490.019696499 134940217344 68969467904 15948 16002
1791287495.070078009 134940217344 68973850624 15948 16002
1791287500.116844641 134940217344 68967591936 15948 16002
1791287505.163237476 134940217344 68917051392 15948 16002
1791287510.209077518 134940217344 68899872768 15948 16002
1791287515.255186847 134940217344 68905615360 15948 16002
1791287520.301914170 134940217344 68843950080 15948 16002
1791287525.350551571 134940217344 68845408256 15948 16002
1791287530.398369323 134940217344 68770099200 15948 16002
1791287535.445327474 134940217344 68777525248 15948 16002
1791287540.491912033 134940217344 68781645824 15948 16002
1791287545.538324277 134940217344 68722675712 15948 16002
1791287550.585583067 134940217344 68721209344 15948 16002
1791287555.633557018 134940217344 68706947072 15948 16002
1791287560.680234228 134940217344 68642648064 15948 16002
1791287565.726789029 134940217344 68651864064 15948 16002
1791287570.773140214 134940217344 68648833024 15948 16002
1791287575.819053894 134940217344 68593057792 15948 16002
1791287580.866834983 134940217344 68571865088 15948 16002
1791287585.913685386 134940217344 68571340800 15948 16002
1791287590.966752646 134940217344 68522221568 15948 16002
1791287596.013065377 134940217344 68523999232 15948 16002
1791287601.059657511 134940217344 68525121536 15948 16002
1791287606.106726338 134940217344 68474028032 15948 16002
1791287611.153122958 134940217344 68474421248 15948 16002
1791287616.200250075 134940217344 68468559872 15948 16002
1791287621.247149730 134940217344 68414103552 15948 16002
1791287626.292727290 134940217344 68407320576 15948 16002
1791287631.339498249 134940217344 68415524864 15948 16002
1791287636.390330949 134940217344 68361043968 15948 16002
1791287641.436659809 134940217344 68444667904 15948 16002
1791287646.482823734 134940217344 68452872192 15948 16002
1791287651.528942302 134940217344 68461187072 15948 16002
1791287656.580208526 134940217344 68456816640 15948 16002
1791287661.625938322 134940217344 68462596096 15948 16002
1791287666.672622733 134940217344 68349186048 15948 16002
1791287671.726596783 134940217344 68391051264 15948 16002
1791287676.780532749 134940217344 68430168064 15948 16002
1791287681.826354042 134940217344 69157765120 15948 16002
1791287686.876731442 134940217344 69176705024 15948 16002
1791287691.922786594 134940217344 69180608512 15948 16002
1791287696.968364394 134940217344 69164920832 15948 16002
1791287702.012848352 134940217344 69173317632 15948 16002
1791287707.058676394 134940217344 69117915136 15948 16002
1791287712.105785626 134940217344 69164367872 15948 16002
1791287717.153615349 134940217344 69107257344 15948 16002
1791287722.201767859 134940217344 69111418880 15948 16002
1791287727.249197932 134940217344 69106577408 15948 16002
1791287732.300423160 134940217344 69034352640 15948 16002
1791287737.349075295 134940217344 69033824256 15948 16002
1791287742.395492410 134940217344 69027332096 15948 16002
1791287747.445015469 134940217344 68982771712 15948 16002
1791287752.490633552 134940217344 68982763520 15948 16002
1791287757.574889367 134940217344 68923027456 15948 16002
1791287762.621270462 134940217344 68924547072 15948 16002
1791287767.668404953 134940217344 68911472640 15948 16002
1791287772.724187159 134940217344 68847304704 15948 16002
1791287777.770882005 134940217344 68844920832 15948 16002
1791287782.819471098 134940217344 68839378944 15948 16002
1791287787.868530243 134940217344 68761022464 15948 16002
1791287792.916730865 134940217344 68762402816 15948 16002
1791287797.965798891 134940217344 68771147776 15948 16002
1791287803.024369978 134940217344 68727701504 15948 16002
1791287808.071338268 134940217344 68734214144 15948 16002
1791287813.118609296 134940217344 68731637760 15948 16002
1791287818.168909216 134940217344 68676857856 15948 16002
1791287823.215035354 134940217344 68667518976 15948 16002
1791287828.261328325 134940217344 68668817408 15948 16002
1791287833.309450722 134940217344 68600950784 15948 16002
1791287838.356670899 134940217344 68600815616 15948 16002
1791287843.403874992 134940217344 68524548096 15948 16002
1791287848.450361907 134940217344 68519395328 15948 16002
1791287853.495866052 134940217344 68524371968 15948 16002
1791287858.548753950 134940217344 68524638208 15948 16002
1791287863.594523084 134940217344 68480217088 15948 16002
1791287868.648201499 134940217344 68470484992 15948 16002
1791287873.692899593 134940217344 68425465856 15948 16002
1791287878.738553251 134940217344 68419956736 15948 16002
1791287883.784375914 134940217344 68410744832 15948 16002
1791287888.834147193 134940217344 68417372160 15948 16002
1791287893.888204403 134940217344 68431097856 15948 16002
1791287898.937563335 134940217344 68458233856 15948 16002
1791287903.985575695 134940217344 68489613312 15948 16002
1791287909.030911447 134940217344 68486504448 15948 16002
1791287914.076642074 134940217344 68483514368 15948 16002
1791287919.125329698 134940217344 68370288640 15948 16002
1791287924.179483220 134940217344 68428222464 15948 16002
1791287929.232611156 134940217344 69337726976 15948 16002
1791287934.277917739 134940217344 69352329216 15948 16002
1791287939.324404572 134940217344 69357805568 15948 16002
1791287944.371724332 134940217344 69356855296 15948 16002
1791287949.420925926 134940217344 69352710144 15948 16002
1791287954.468409876 134940217344 69294403584 15948 16002
1791287959.519520435 134940217344 69290520576 15948 16002
1791287964.565984251 134940217344 69272002560 15948 16002
1791287969.613793476 134940217344 69221601280 15948 16002
1791287974.660218100 134940217344 69247340544 15948 16002
1791287979.706536124 134940217344 69109866496 15948 16002
1791287984.752766201 134940217344 69082656768 15948 16002
1791287989.800813818 134940217344 69092265984 15948 16002
1791287994.847419322 134940217344 69092675584 15948 16002
1791287999.897287317 134940217344 69093003264 15948 16002
1791288004.943997840 134940217344 69048856576 15948 16002
1791288009.998454324 134940217344 69046935552 15948 16002
1791288015.046222140 134940217344 69049262080 15948 16002
1791288020.095116412 134940217344 68944830464 15948 16002
1791288025.144100002 134940217344 69051035648 15948 16002
1791288030.194934345 134940217344 69064642560 15948 16002
1791288035.242392805 134940217344 68951953408 15948 16002
1791288040.297294564 134940217344 68946915328 15948 16002
1791288045.351523817 134940217344 68931342336 15948 16002
1791288050.400532888 134940217344 68815319040 15948 16002
1791288055.455128186 134940217344 68796825600 15948 16002
1791288060.509454265 134940217344 68790046720 15948 16002
1791288065.556420836 134940217344 68676775936 15948 16002
1791288070.608944390 134940217344 68678430720 15948 16002
1791288075.663642096 134940217344 68683177984 15948 16002
1791288080.716904884 134940217344 68734160896 15948 16002
1791288085.763098376 134940217344 68717539328 15948 16002
1791288090.809357458 134940217344 68624056320 15948 16002
1791288095.863387051 134940217344 68655591424 15948 16002
1791288100.917132080 134940217344 68652179456 15948 16002
1791288105.972143787 134940217344 68686372864 15948 16002
1791288111.027244300 134940217344 68681515008 15948 16002
1791288116.073116435 134940217344 68596199424 15948 16002
1791288121.127986939 134940217344 68635451392 15948 16002
1791288126.182525979 134940217344 68649447424 15948 16002
1791288131.235196129 134940217344 68665958400 15948 16002
1791288136.289044366 134940217344 68660662272 15948 16002
1791288141.336379950 134940217344 68667736064 15948 16002
1791288146.383541071 134940217344 68592889856 15948 16002
1791288151.436882345 134940217344 68649283584 15948 16002
1791288156.483449621 134940217344 68572266496 15948 16002
1791288161.538138076 134940217344 68600553472 15948 16002
1791288166.584420675 134940217344 68564975616 15948 16002
1791288171.638255930 134940217344 68601274368 15948 16002
1791288176.692394038 134940217344 68640595968 15948 16002
1791288181.737999403 134940217344 68695183360 15948 16002
1791288186.783751578 134940217344 68543418368 15948 16002
1791288191.835825562 134940217344 68589072384 15948 16002
1791288196.881166492 134940217344 68616728576 15948 16002
1791288201.927369366 134940217344 68643528704 15948 16002
1791288206.973686701 134940217344 68649222144 15948 16002
1791288212.019181334 134940217344 68707557376 15948 16002
1791288217.065474132 134940217344 68721807360 15948 16002
1791288222.110162662 134940217344 68719259648 15948 16002
1791288227.156195751 134940217344 68716023808 15948 16002
1791288232.202642994 134940217344 68716220416 15948 16002
1791288237.249030435 134940217344 68710449152 15948 16002
1791288242.295047083 134940217344 68714397696 15948 16002
1791288247.340074756 134940217344 68702720000 15948 16002
1791288252.385356669 134940217344 68699660288 15948 16002
1791288257.431950245 134940217344 68695240704 15948 16002
1791288262.477818350 134940217344 68700696576 15948 16002
1791288267.523746125 134940217344 68707356672 15948 16002
1791288272.570359911 134940217344 68713373696 15948 16002
1791288277.615717073 134940217344 68707770368 15948 16002
1791288282.661883909 134940217344 68705525760 15948 16002
1791288287.707911346 134940217344 68707143680 15948 16002
1791288292.754373058 134940217344 68702371840 15948 16002
1791288297.802131717 134940217344 68705103872 15948 16002
1791288302.848071397 134940217344 68706136064 15948 16002
1791288307.893848416 134940217344 68713693184 15948 16002
1791288312.939505977 134940217344 68709158912 15948 16002
1791288317.986545565 134940217344 68712390656 15948 16002
1791288323.033026319 134940217344 68709208064 15948 16002
1791288328.082712073 134940217344 68704546816 15948 16002
1791288333.128963804 134940217344 68711796736 15948 16002
1791288338.175636798 134940217344 68716318720 15948 16002
1791288343.221034024 134940217344 68720734208 15948 16002
1791288348.267495208 134940217344 68711084032 15948 16002
1791288353.314104833 134940217344 68709928960 15948 16002
1791288358.360363754 134940217344 68712628224 15948 16002
1791288363.406291754 134940217344 68715630592 15948 16002
1791288368.452393780 134940217344 68699131904 15948 16002
1791288373.497946061 134940217344 68687781888 15948 16002
1791288378.543239587 134940217344 68699021312 15948 16002
1791288383.590512732 134940217344 68709634048 15948 16002
1791288388.636430372 134940217344 68705951744 15948 16002
1791288393.682466163 134940217344 68688957440 15948 16002
1791288398.728771987 134940217344 68684857344 15948 16002
1791288403.774008855 134940217344 68688412672 15948 16002
1791288408.820096192 134940217344 68692262912 15948 16002
1791288413.865894472 134940217344 68694462464 15948 16002
1791288418.911357279 134940217344 68688945152 15948 16002
1791288423.957107663 134940217344 68674641920 15948 16002
1791288429.001948430 134940217344 68695937024 15948 16002
1791288434.047999790 134940217344 68708794368 15948 16002
1791288439.097958839 134940217344 68703576064 15948 16002
1791288444.144222798 134940217344 68702822400 15948 16002
1791288449.190072276 134940217344 68702855168 15948 16002
1791288454.235949291 134940217344 68706787328 15948 16002
1791288459.282146373 134940217344 68704366592 15948 16002
1791288464.328137184 134940217344 68708839424 15948 16002
1791288469.373520879 134940217344 68701917184 15948 16002
1791288474.420076082 134940217344 68691865600 15948 16002
1791288479.466412042 134940217344 68699348992 15948 16002
1791288484.512169362 134940217344 68700782592 15948 16002
1791288489.557813988 134940217344 68692508672 15948 16002
1791288494.604630457 134940217344 68550971392 15948 16002
1791288499.659676527 134940217344 68587413504 15948 16002
1791288504.714406924 134940217344 68616073216 15948 16002
1791288509.768074370 134940217344 68659798016 15948 16002
1791288514.823039273 134940217344 68671373312 15948 16002
1791288519.877596681 134940217344 68694904832 15948 16002
1791288524.932533575 134940217344 68679290880 15948 16002
1791288529.985930237 134940217344 68675932160 15948 16002
1791288535.039930728 134940217344 68669100032 15948 16002
1791288540.093623021 134940217344 68670291968 15948 16002
1791288545.148321612 134940217344 68675715072 15948 16002
1791288550.202581114 134940217344 68666118144 15948 16002
1791288555.257546104 134940217344 68672208896 15948 16002
1791288560.312565110 134940217344 68665360384 15948 16002
1791288565.366840534 134940217344 68673142784 15948 16002
1791288570.420728130 134940217344 68670525440 15948 16002
1791288575.475504394 134940217344 68682031104 15948 16002
1791288580.529358816 134940217344 68672888832 15948 16002
1791288585.583659155 134940217344 68681777152 15948 16002
1791288590.637127387 134940217344 68662222848 15948 16002
1791288595.683425399 134940217344 68637372416 15948 16002
1791288600.729271376 134940217344 68640145408 15948 16002
1791288605.775388827 134940217344 68518961152 15948 16002
1791288610.828915157 134940217344 68528074752 15948 16002
1791288615.884671793 134940217344 68576026624 15948 16002
1791288620.932928106 134940217344 68603658240 15948 16002
1791288625.980954216 134940217344 68604645376 15948 16002
1791288631.027600035 134940217344 68621852672 15948 16002
1791288636.073866684 134940217344 68639395840 15948 16002
1791288641.119738960 134940217344 68653043712 15948 16002
1791288646.166362108 134940217344 68652126208 15948 16002
1791288651.212723358 134940217344 68637941760 15948 16002
1791288656.259197377 134940217344 68644962304 15948 16002
1791288661.304925823 134940217344 68635619328 15948 16002
1791288666.349451243 134940217344 68644171776 15948 16002
1791288671.395867893 134940217344 68640698368 15948 16002
1791288676.442140098 134940217344 68641976320 15948 16002
1791288681.487679095 134940217344 68646076416 15948 16002
1791288686.534087094 134940217344 68649431040 15948 16002
1791288691.581381602 134940217344 68652789760 15948 16002
1791288696.629764056 134940217344 68648128512 15948 16002
1791288701.677594270 134940217344 68689350656 15948 16002
1791288706.725555851 134940217344 68678938624 15948 16002
1791288711.773808155 134940217344 68685836288 15948 16002
1791288716.821303936 134940217344 68690714624 15948 16002
1791288721.869756104 134940217344 68695826432 15948 16002
1791288726.916863848 134940217344 68691046400 15948 16002
1791288731.964928933 134940217344 68667236352 15948 16002
1791288737.012679999 134940217344 68646490112 15948 16002
1791288742.058478141 134940217344 68662579200 15948 16002
1791288747.106516961 134940217344 68677074944 15948 16002
1791288752.153847130 134940217344 68661538816 15948 16002
1791288757.201723005 134940217344 68635701248 15948 16002
1791288762.247055284 134940217344 68659052544 15948 16002
1791288767.292243831 134940217344 68686188544 15948 16002
1791288772.337934642 134940217344 68680212480 15948 16002
1791288777.385380978 134940217344 68684304384 15948 16002
1791288782.431749490 134940217344 68692496384 15948 16002
1791288787.477666097 134940217344 68684898304 15948 16002
1791288792.522433297 134940217344 68676710400 15948 16002
1791288797.569269550 134940217344 68677038080 15948 16002
1791288802.615728359 134940217344 68695359488 15948 16002
1791288807.662693660 134940217344 68689235968 15948 16002
1791288812.709533262 134940217344 68693635072 15948 16002
1791288817.756859080 134940217344 68686974976 15948 16002
1791288822.802202971 134940217344 68678303744 15948 16002
1791288827.848220762 134940217344 68673736704 15948 16002
1791288832.894543619 134940217344 68672339968 15948 16002
1791288837.940161402 134940217344 68668026880 15948 16002
1791288842.986669321 134940217344 68689702912 15948 16002
1791288848.032600214 134940217344 68670550016 15948 16002
1791288853.078149230 134940217344 68658749440 15948 16002
1791288858.123906694 134940217344 68651806720 15948 16002
1791288863.168744171 134940217344 68648808448 15948 16002
1791288868.214444937 134940217344 68645023744 15948 16002
1791288873.261121439 134940217344 68662673408 15948 16002
1791288878.307463028 134940217344 68645699584 15948 16002
1791288883.352572046 134940217344 68651323392 15948 16002
1791288888.397253234 134940217344 68656828416 15948 16002
1791288893.441972011 134940217344 68659585024 15948 16002
1791288898.487182105 134940217344 68657942528 15948 16002
1791288903.532600808 134940217344 68662390784 15948 16002
1791288908.578651737 134940217344 68656340992 15948 16002
1791288913.625236596 134940217344 68657246208 15948 16002
1791288918.670787643 134940217344 68651008000 15948 16002
1791288923.716881229 134940217344 68653289472 15948 16002
1791288928.763731232 134940217344 68660400128 15948 16002
1791288933.810863100 134940217344 68658974720 15948 16002
1791288938.858345936 134940217344 68653932544 15948 16002
1791288943.903865332 134940217344 68649541632 15948 16002
1791288948.949719456 134940217344 68655374336 15948 16002
1791288953.995356092 134940217344 68658167808 15948 16002
1791288959.041053335 134940217344 68657221632 15948 16002
1791288964.087072726 134940217344 68653473792 15948 16002
1791288969.135064843 134940217344 68652457984 15948 16002
1791288974.181145593 134940217344 68642480128 15948 16002
1791288979.226856910 134940217344 68642144256 15948 16002
1791288984.273080978 134940217344 68639809536 15948 16002
1791288989.319103551 134940217344 68641218560 15948 16002
1791288994.366090153 134940217344 68628262912 15948 16002
1791288999.413683826 134940217344 68651745280 15948 16002
1791289004.459202576 134940217344 68637835264 15948 16002
1791289009.504079270 134940217344 68647710720 15948 16002
1791289014.550437338 134940217344 68646907904 15948 16002
1791289019.596371128 134940217344 68660932608 15948 16002
1791289024.642238167 134940217344 68663382016 15948 16002
1791289029.689577474 134940217344 68674957312 15948 16002
1791289034.736120450 134940217344 68513058816 15948 16002
1791289039.789119493 134940217344 68534349824 15948 16002
1791289044.835341130 134940217344 68471963648 15948 16002
1791289049.889631908 134940217344 68520349696 15948 16002
1791289054.938853054 134940217344 68473720832 15948 16002
1791289059.993812906 134940217344 68506259456 15948 16002
1791289065.048462127 134940217344 68507430912 15948 16002
1791289070.095003635 134940217344 68414648320 15948 16002
1791289075.147350940 134940217344 68466569216 15948 16002
1791289080.199583962 134940217344 69214117888 15948 16002
1791289085.245191949 134940217344 69216620544 15948 16002
1791289090.291523477 134940217344 69235785728 15948 16002
1791289095.338358474 134940217344 69300711424 15948 16002
1791289100.385280013 134940217344 69291769856 15948 16002
1791289105.431374250 134940217344 69230993408 15948 16002
1791289110.478272448 134940217344 69238075392 15948 16002
1791289115.525640216 134940217344 69235240960 15948 16002
1791289120.573099660 134940217344 69193314304 15948 16002
1791289125.618860278 134940217344 69174132736 15948 16002
1791289130.664994766 134940217344 69095714816 15948 16002
1791289135.711292852 134940217344 69097979904 15948 16002
1791289140.757086567 134940217344 69103595520 15948 16002
1791289145.803287413 134940217344 69047316480 15948 16002
1791289150.849796068 134940217344 69063376896 15948 16002
1791289155.896402188 134940217344 69067296768 15948 16002
1791289160.942338125 134940217344 69012156416 15948 16002
1791289165.989762739 134940217344 68997029888 15948 16002
1791289171.038655798 134940217344 69001125888 15948 16002
1791289176.085749890 134940217344 68941602816 15948 16002
1791289181.132898501 134940217344 68917288960 15948 16002
1791289186.178707859 134940217344 68854824960 15948 16002
1791289191.224887476 134940217344 68873129984 15948 16002
1791289196.272919325 134940217344 68882726912 15948 16002
1791289201.319928134 134940217344 68830646272 15948 16002
1791289206.364824524 134940217344 68841906176 15948 16002
1791289211.417695861 134940217344 68834508800 15948 16002
1791289216.464853954 134940217344 68779184128 15948 16002
1791289221.511390487 134940217344 68765380608 15948 16002
1791289226.557086580 134940217344 68770107392 15948 16002
1791289231.603648404 134940217344 68707708928 15948 16002
1791289236.650888302 134940217344 68709621760 15948 16002
1791289241.698361640 134940217344 68713021440 15948 16002
1791289246.744743688 134940217344 68636217344 15948 16002
1791289251.791606271 134940217344 68655243264 15948 16002
1791289256.843060698 134940217344 68655083520 15948 16002
1791289261.890840924 134940217344 68590682112 15948 16002
1791289266.942484148 134940217344 68599357440 15948 16002
1791289271.988592438 134940217344 68607143936 15948 16002
1791289277.034957469 134940217344 68526555136 15948 16002
1791289282.081581231 134940217344 68539617280 15948 16002
1791289287.132031687 134940217344 68528594944 15948 16002
1791289292.180413646 134940217344 68472315904 15948 16002
1791289297.228234367 134940217344 68559839232 15948 16002
1791289302.276937095 134940217344 68583956480 15948 16002
1791289307.323742398 134940217344 68591685632 15948 16002
1791289312.371398062 134940217344 69198430208 15948 16002
1791289317.418212638 134940217344 69244190720 15948 16002
1791289322.465004926 134940217344 69265215488 15948 16002
1791289327.511002182 134940217344 69276364800 15948 16002
1791289332.557499737 134940217344 69267099648 15948 16002
1791289337.610339945 134940217344 69215817728 15948 16002
1791289342.660551047 134940217344 69207506944 15948 16002
1791289347.707380889 134940217344 69207179264 15948 16002
1791289352.753841389 134940217344 69152415744 15948 16002
1791289357.802294020 134940217344 69131706368 15948 16002
1791289362.851704781 134940217344 69050564608 15948 16002
1791289367.902771267 134940217344 69073227776 15948 16002
1791289372.949289056 134940217344 69057462272 15948 16002
1791289377.998631656 134940217344 69024481280 15948 16002
1791289383.046133588 134940217344 69019533312 15948 16002
1791289388.092006519 134940217344 69015838720 15948 16002
1791289393.139503465 134940217344 68948054016 15948 16002
1791289398.186234205 134940217344 68949614592 15948 16002
1791289403.233498786 134940217344 68950523904 15948 16002
1791289408.283070610 134940217344 68894490624 15948 16002
1791289413.331627200 134940217344 68901670912 15948 16002
1791289418.378892283 134940217344 68841701376 15948 16002
1791289423.426906990 134940217344 68830396416 15948 16002
1791289428.476628321 134940217344 68817440768 15948 16002
1791289433.523024128 134940217344 68836229120 15948 16002
1791289438.568750896 134940217344 68787920896 15948 16002
1791289443.622285033 134940217344 68790689792 15948 16002
1791289448.669990363 134940217344 68726046720 15948 16002
1791289453.714778700 134940217344 68726018048 15948 16002
1791289458.762241376 134940217344 68726083584 15948 16002
1791289463.808233465 134940217344 68664582144 15948 16002
1791289468.861035121 134940217344 68659150848 15948 16002
1791289473.906662130 134940217344 68657725440 15948 16002
1791289478.954423949 134940217344 68616695808 15948 16002
1791289484.003144627 134940217344 68571426816 15948 16002
1791289489.048869227 134940217344 68390858752 15948 16002
1791289494.094255810 134940217344 68304318464 15948 16002
1791289499.140754498 134940217344 68433670144 15948 16002
1791289504.190122275 134940217344 68456300544 15948 16002
1791289509.240642070 134940217344 68399775744 15948 16002
1791289514.286658783 134940217344 68400132096 15948 16002
1791289519.339910752 134940217344 68365860864 15948 16002
1791289524.384905359 134940217344 68400783360 15948 16002
1791289529.429888412 134940217344 68443271168 15948 16002
1791289534.475745641 134940217344 68459220992 15948 16002
1791289539.522522627 134940217344 68461932544 15948 16002
1791289544.570025050 134940217344 69065576448 15948 16002
1791289549.615356421 134940217344 69117636608 15948 16002
1791289554.665886647 134940217344 69163786240 15948 16002
1791289559.713005845 134940217344 69171474432 15948 16002
1791289564.762047132 134940217344 69153210368 15948 16002
1791289569.810852051 134940217344 69139189760 15948 16002
1791289574.861437603 134940217344 69112541184 15948 16002
1791289579.911347873 134940217344 69138862080 15948 16002
1791289584.958847785 134940217344 69069352960 15948 16002
1791289590.006500898 134940217344 69043138560 15948 16002
1791289595.052097588 134940217344 68939583488 15948 16002
1791289600.098705820 134940217344 68910731264 15948 16002
1791289605.147131957 134940217344 68926767104 15948 16002
1791289610.195524586 134940217344 68931067904 15948 16002
1791289615.247030555 134940217344 68965138432 15948 16002
1791289620.296620738 134940217344 68902690816 15948 16002
1791289625.347267034 134940217344 68904230912 15948 16002
1791289630.397045922 134940217344 68904931328 15948 16002
1791289635.447144692 134940217344 68833624064 15948 16002
1791289640.494050846 134940217344 68793348096 15948 16002
1791289645.540809088 134940217344 68748615680 15948 16002
1791289650.585187748 134940217344 68749496320 15948 16002
1791289655.631078044 134940217344 68762386432 15948 16002
1791289660.677763892 134940217344 68750381056 15948 16002
1791289665.728401442 134940217344 68674527232 15948 16002
1791289670.773393202 134940217344 68542468096 15948 16002
1791289675.827035702 134940217344 68528971776 15948 16002
1791289680.880349965 134940217344 68547395584 15948 16002
1791289685.934328781 134940217344 69110095872 15948 16002
1791289690.981830900 134940217344 69140025344 15948 16002
1791289696.028746344 134940217344 69134671872 15948 16002
1791289701.081512692 134940217344 69137960960 15948 16002
1791289706.127751842 134940217344 69108715520 15948 16002
1791289711.174077514 134940217344 69109702656 15948 16002
1791289716.223496889 134940217344 69102235648 15948 16002
1791289721.276008121 134940217344 69019287552 15948 16002
1791289726.323200790 134940217344 68999884800 15948 16002
1791289731.371538683 134940217344 68988350464 15948 16002
1791289736.418205365 134940217344 68932898816 15948 16002
1791289741.464020659 134940217344 68933005312 15948 16002
1791289746.515258459 134940217344 68949188608 15948 16002
1791289751.562649490 134940217344 68898062336 15948 16002
1791289756.609260035 134940217344 68899270656 15948 16002
1791289761.657845294 134940217344 68841693184 15948 16002
1791289766.704149881 134940217344 68843409408 15948 16002
1791289771.750557272 134940217344 68841082880 15948 16002
1791289776.798035257 134940217344 68794408960 15948 16002
1791289781.849399026 134940217344 68907044864 15948 16002
1791289786.900855004 134940217344 68914995200 15948 16002
1791289791.948151694 134940217344 68853813248 15948 16002
1791289796.998431222 134940217344 68844359680 15948 16002
1791289802.051692765 134940217344 68847423488 15948 16002
1791289807.107657555 134940217344 68791148544 15948 16002
1791289812.157804951 134940217344 68781666304 15948 16002
1791289817.205751087 134940217344 68773539840 15948 16002
1791289822.256083671 134940217344 68718329856 15948 16002
1791289827.305590120 134940217344 68722118656 15948 16002
1791289832.355769985 134940217344 68718579712 15948 16002
1791289837.404173311 134940217344 68652568576 15948 16002
1791289842.451901611 134940217344 68654698496 15948 16002
1791289847.499889963 134940217344 68592562176 15948 16002
1791289852.546959924 134940217344 68594921472 15948 16002
1791289857.601545303 134940217344 68596948992 15948 16002
1791289862.654822065 134940217344 68601221120 15948 16002
1791289867.707677953 134940217344 68541120512 15948 16002
1791289872.756967591 134940217344 68556091392 15948 16002
1791289877.804718777 134940217344 68543336448 15948 16002
1791289882.854803885 134940217344 68484485120 15948 16002
1791289887.903083431 134940217344 68477861888 15948 16002
1791289892.950912369 134940217344 68495044608 15948 16002
1791289898.005669231 134940217344 68508631040 15948 16002
1791289903.053934886 134940217344 68534333440 15948 16002
1791289908.102359511 134940217344 68548296704 15948 16002
1791289913.150559575 134940217344 68545372160 15948 16002
1791289918.197944950 134940217344 68482301952 15948 16002
1791289923.245717683 134940217344 68525572096 15948 16002
1791289928.293336453 134940217344 68557516800 15948 16002
1791289933.342501927 134940217344 68566552576 15948 16002
1791289938.391053132 134940217344 68559593472 15948 16002
1791289943.437875514 134940217344 68564828160 15948 16002
1791289948.486086406 134940217344 68569399296 15948 16002
1791289953.533849321 134940217344 68565168128 15948 16002
1791289958.580719066 134940217344 68559577088 15948 16002
1791289963.629123619 134940217344 68559998976 15948 16002
1791289968.678072617 134940217344 68575932416 15948 16002
1791289973.725678057 134940217344 68575473664 15948 16002
1791289978.772828059 134940217344 68570918912 15948 16002
1791289983.821594893 134940217344 68561281024 15948 16002
1791289988.869276180 134940217344 68556869632 15948 16002
1791289993.917875908 134940217344 68557598720 15948 16002
1791289998.966329437 134940217344 68554768384 15948 16002
1791290004.014094649 134940217344 68558295040 15948 16002
1791290009.062965091 134940217344 68560826368 15948 16002
1791290014.110191252 134940217344 68569808896 15948 16002
1791290019.156606818 134940217344 68554088448 15948 16002
1791290024.205418201 134940217344 68544720896 15948 16002
1791290029.253424368 134940217344 68562034688 15948 16002
1791290034.301539452 134940217344 68567130112 15948 16002
1791290039.349493476 134940217344 68558884864 15948 16002
1791290044.397958424 134940217344 68570456064 15948 16002
1791290049.447494105 134940217344 68576722944 15948 16002
1791290054.494787779 134940217344 68587094016 15948 16002
1791290059.542782024 134940217344 68592701440 15948 16002
1791290064.590344094 134940217344 68596703232 15948 16002
1791290069.637406613 134940217344 68592508928 15948 16002
1791290074.685728686 134940217344 68592955392 15948 16002
1791290079.732943071 134940217344 68586631168 15948 16002
1791290084.780418355 134940217344 68601344000 15948 16002
1791290089.827475227 134940217344 68595511296 15948 16002
1791290094.875038446 134940217344 68587376640 15948 16002
1791290099.922189925 134940217344 68592463872 15948 16002
1791290104.970237059 134940217344 69278019584 15948 16002
1791290110.017967187 134940217344 69272723456 15948 16002
1791290115.065563127 134940217344 69286666240 15948 16002
1791290120.113364541 134940217344 69280288768 15948 16002
1791290125.162395496 134940217344 69282037760 15948 16002
1791290130.209940888 134940217344 69224755200 15948 16002
1791290135.256771199 134940217344 69229805568 15948 16002
1791290140.306209157 134940217344 69176840192 15948 16002
1791290145.354273729 134940217344 69162205184 15948 16002
1791290150.400998879 134940217344 69047492608 15948 16002
1791290155.446443238 134940217344 69047156736 15948 16002
1791290160.493803448 134940217344 69043036160 15948 16002
1791290165.541232427 134940217344 69075890176 15948 16002
1791290170.588091633 134940217344 69108252672 15948 16002
1791290175.636464991 134940217344 69050019840 15948 16002
1791290180.684390919 134940217344 69059166208 15948 16002
1791290185.734408465 134940217344 69057810432 15948 16002
1791290190.783044555 134940217344 69001003008 15948 16002
1791290195.829937660 134940217344 69001912320 15948 16002
1791290200.876947403 134940217344 68983926784 15948 16002
1791290205.924246185 134940217344 68938776576 15948 16002
1791290210.978589725 134940217344 68935860224 15948 16002
1791290216.025858192 134940217344 68940947456 15948 16002
1791290221.073394233 134940217344 68881027072 15948 16002
1791290226.121461301 134940217344 68771405824 15948 16002
1791290231.174084151 134940217344 68738420736 15948 16002
1791290236.219935723 134940217344 68722597888 15948 16002
1791290241.265724650 134940217344 68573679616 15948 16002
1791290246.318795675 134940217344 68593569792 15948 16002
1791290251.372641261 134940217344 68573630464 15948 16002
1791290256.418404474 134940217344 68479201280 15948 16002
1791290261.471266837 134940217344 68499308544 15948 16002
1791290266.519256079 134940217344 68542345216 15948 16002
1791290271.567011225 134940217344 68465778688 15948 16002
1791290275.672830562 134940217344 68494008320 15948 16002
