2026-10-11T01:10:51 33000 5019000 600000000 0 95724212224
2026-10-11T01:11:01 34000 13074000 655000000 1 95273148416
2026-10-11T01:11:11 36000 32041000 2676000000 9 95273148416
2026-10-11T01:11:21 36000 28024000 1337000000 5 95273148416
2026-10-11T01:11:31 36000 36052000 1504000000 5 95706324992
2026-10-11T01:11:41 55000 114044000 2834000000 92 95724105728
2026-10-11T01:11:51 56000 101024000 2900000000 100 95724105728
2026-10-11T01:12:01 76000 126042000 2832000000 100 95724212224
2026-10-11T01:12:11 67000 98056000 2899000000 100 95724212224
2026-10-11T01:12:21 60000 96000000 2850000000 98 95724212224
2026-10-11T01:12:31 82000 120016000 2763000000 100 95724212224
2026-10-11T01:12:41 80000 118097000 2799000000 100 95724212224
2026-10-11T01:12:51 84000 120017000 2760000000 100 95724212224
2026-10-11T01:13:01 69000 100095000 2900000000 100 95724212224
2026-10-11T01:13:11 82000 127001000 2774000000 99 95724212224
2026-10-11T01:13:21 83000 119080000 2763000000 100 95724212224
2026-10-11T01:13:31 83000 119015000 2793000000 100 95724212224
2026-10-11T01:13:41 85000 119079000 2766000000 100 95724212224
2026-10-11T01:13:51 86000 121068000 2761000000 100 95724212224
2026-10-11T01:14:01 83000 118076000 2730000000 97 95724212224
2026-10-11T01:14:11 81000 116040000 2811000000 100 95724212224
2026-10-11T01:14:21 84000 119038000 2737000000 100 95724212224
2026-10-11T01:14:32 88000 121025000 2797000000 100 95724212224
2026-10-11T01:14:42 87000 119075000 2762000000 100 95724212224
2026-10-11T01:14:52 91000 120081000 2802000000 100 95724212224
2026-10-11T01:15:02 87000 119080000 2732000000 100 95724212224
2026-10-11T01:15:12 85000 119077000 2806000000 100 95724212224
2026-10-11T01:15:22 74000 105081000 2894000000 98 95724212224
2026-10-11T01:15:32 73000 108074000 2900000000 100 95724212224
2026-10-11T01:15:42 75000 110020000 2900000000 100 95724212224
2026-10-11T01:15:52 87000 121004000 2829000000 100 95724212224
2026-10-11T01:16:02 73000 94016000 2751000000 77 95724212224
2026-10-11T01:16:12 74000 102022000 2900000000 100 95724212224
2026-10-11T01:16:22 92000 131005000 2789000000 100 95724212224
2026-10-11T01:16:32 87000 119077000 2756000000 100 95724212224
2026-10-11T01:16:42 88000 120047000 2748000000 100 95724212224
2026-10-11T01:16:52 77000 103020000 2882000000 95 95724212224
2026-10-11T01:17:02 76000 104027000 2900000000 100 95724212224
2026-10-11T01:17:12 87000 121081000 2747000000 100 95724212224
2026-10-11T01:17:22 76000 117082000 2715000000 97 95724212224
2026-10-11T01:17:32 85000 118077000 2788000000 100 95724212224
2026-10-11T01:17:42 88000 119040000 2742000000 100 95724212224
2026-10-11T01:17:52 92000 120043000 2742000000 100 95724212224
2026-10-11T01:18:02 89000 120077000 2780000000 100 95724212224
2026-10-11T01:18:12 87000 119099000 2783000000 100 95724212224
2026-10-11T01:18:22 90000 120038000 2743000000 100 95724212224
2026-10-11T01:18:32 86000 118086000 2797000000 100 95724212224
2026-10-11T01:18:42 87000 121033000 2756000000 100 95724212224
2026-10-11T01:18:52 86000 118094000 2795000000 100 95724212224
2026-10-11T01:19:02 87000 120034000 2764000000 100 95724212224
2026-10-11T01:19:12 88000 121017000 2754000000 98 95724212224
2026-10-11T01:19:22 76000 101098000 2900000000 100 95724212224
2026-10-11T01:19:32 88000 124049000 2843000000 99 95724212224
2026-10-11T01:19:42 78000 104034000 2900000000 100 95724212224
2026-10-11T01:19:52 87000 129056000 2775000000 100 95724212224
2026-10-11T01:20:02 79000 104090000 2896000000 99 95724212224
2026-10-11T01:20:12 76000 103094000 2900000000 100 95724212224
2026-10-11T01:20:22 85000 119072000 2726000000 100 95724212224
2026-10-11T01:20:32 88000 119080000 2747000000 100 95724212224
2026-10-11T01:20:42 91000 120050000 2756000000 100 95724212224
2026-10-11T01:20:52 75000 103016000 2900000000 100 95724212224
2026-10-11T01:21:02 87000 115009000 2768000000 98 95724212224
2026-10-11T01:21:12 84000 119086000 2757000000 100 95724212224
2026-10-11T01:21:22 93000 120070000 2775000000 100 95724212224
2026-10-11T01:21:32 88000 119088000 2793000000 100 95724212224
2026-10-11T01:21:42 87000 119041000 2752000000 100 95724212224
2026-10-11T01:21:52 89000 120006000 2723000000 100 95724212224
2026-10-11T01:22:03 92000 120094000 2786000000 100 95724212224
2026-10-11T01:22:13 88000 120062000 2737000000 99 95724212224
2026-10-11T01:22:23 90000 122010000 2789000000 100 95724212224
2026-10-11T01:22:33 88000 119064000 2765000000 100 95724212224
2026-10-11T01:22:43 92000 120056000 2761000000 100 95724212224
2026-10-11T01:22:53 89000 119079000 2737000000 100 95724212224
2026-10-11T01:23:03 92000 119044000 2796000000 100 95724212224
2026-10-11T01:23:13 79000 102093000 2874000000 93 95724212224
2026-10-11T01:23:23 77000 103017000 2900000000 100 95724212224
2026-10-11T01:23:33 53000 22089000 1198000000 9 6944776192
2026-10-11T01:23:43 51000 34006000 2619000000 9 91892539392
2026-10-11T01:23:53 49000 35057000 2708000000 8 91892539392
2026-10-11T01:24:03 48000 39049000 2713000000 9 91892539392
2026-10-11T01:24:13 67000 100057000 2415000000 79 92332531712
2026-10-11T01:24:23 66000 106059000 2900000000 100 92344578048
2026-10-11T01:24:33 80000 128021000 2773000000 100 92345667584
2026-10-11T01:24:43 70000 105049000 2892000000 99 92345667584
2026-10-11T01:24:53 74000 103096000 2900000000 100 92345667584
2026-10-11T01:25:03 85000 120029000 2703000000 100 92345667584
2026-10-11T01:25:13 86000 120025000 2695000000 100 92345667584
2026-10-11T01:25:23 75000 102011000 2889000000 98 92345667584
2026-10-11T01:25:33 76000 111012000 2900000000 100 92345667584
2026-10-11T01:25:43 87000 119095000 2692000000 100 92345667584
2026-10-11T01:25:53 85000 120007000 2691000000 100 92345667584
2026-10-11T01:26:03 84000 120061000 2709000000 99 92345667584
2026-10-11T01:26:13 89000 120033000 2721000000 100 92345667584
2026-10-11T01:26:23 89000 120020000 2691000000 100 92345667584
2026-10-11T01:26:33 90000 120046000 2709000000 100 92345667584
2026-10-11T01:26:43 87000 120001000 2687000000 100 92345667584
2026-10-11T01:26:53 89000 119097000 2711000000 100 92345667584
2026-10-11T01:27:03 89000 120002000 2703000000 100 92345667584
2026-10-11T01:27:13 86000 117017000 2642000000 96 92345667584
2026-10-11T01:27:23 77000 107025000 2900000000 100 92345667584
2026-10-11T01:27:33 79000 119079000 2808000000 93 92345667584
2026-10-11T01:27:43 77000 113051000 2900000000 100 92345667584
2026-10-11T01:27:53 86000 120003000 2676000000 100 92345667584
2026-10-11T01:28:03 77000 110019000 2900000000 100 92345667584
2026-10-11T01:28:13 88000 129088000 2754000000 100 92345667584
2026-10-11T01:28:23 87000 120066000 2662000000 97 92345667584
2026-10-11T01:28:33 90000 120010000 2689000000 100 92345667584
2026-10-11T01:28:43 78000 110004000 2900000000 100 92345667584
2026-10-11T01:28:53 88000 130053000 2742000000 100 92345667584
2026-10-11T01:29:03 89000 120015000 2672000000 100 92345667584
2026-10-11T01:29:14 83000 119061000 2678000000 100 92345667584
2026-10-11T01:29:24 89000 120030000 2693000000 100 92345667584
2026-10-11T01:29:34 89000 119088000 2712000000 100 92345667584
2026-10-11T01:29:44 90000 120038000 2687000000 100 92345667584
2026-10-11T01:29:54 90000 120032000 2714000000 100 92345667584
2026-10-11T01:30:04 89000 120007000 2688000000 100 92345667584
2026-10-11T01:30:14 86000 119064000 2686000000 100 92345667584
2026-10-11T01:30:24 88000 119092000 2690000000 100 92345667584
2026-10-11T01:30:34 77000 98031000 2869000000 92 92345667584
2026-10-11T01:30:44 77000 102048000 2900000000 100 92345667584
2026-10-11T01:30:54 77000 108063000 2899000000 100 92345667584
2026-10-11T01:31:04 87000 122080000 2800000000 100 92345667584
2026-10-11T01:31:14 78000 105006000 2878000000 97 92345667584
2026-10-11T01:31:24 77000 108031000 2900000000 100 92345667584
2026-10-11T01:31:34 90000 120042000 2687000000 100 92345667584
2026-10-11T01:31:44 89000 120026000 2683000000 100 92345667584
2026-10-11T01:31:54 77000 105021000 2869000000 94 92345667584
2026-10-11T01:32:04 79000 108020000 2900000000 100 92345819136
2026-10-11T01:32:14 87000 120015000 2681000000 100 92345819136
2026-10-11T01:32:24 89000 120020000 2681000000 100 92345819136
2026-10-11T01:32:34 78000 114072000 2615000000 95 92345819136
2026-10-11T01:32:44 91000 119050000 2697000000 100 92345819136
2026-10-11T01:32:54 90000 120028000 2685000000 100 92345819136
2026-10-11T01:33:04 88000 119087000 2720000000 100 92345819136
2026-10-11T01:33:14 86000 119048000 2695000000 100 92345819136
2026-10-11T01:33:24 91000 119069000 2690000000 100 92345819136
2026-10-11T01:33:34 89000 120000000 2706000000 100 92345819136
2026-10-11T01:33:44 90000 119079000 2707000000 100 92345819136
2026-10-11T01:33:54 81000 111008000 2899000000 100 92345819136
2026-10-11T01:34:04 69000 101015000 2836000000 97 92345819136
2026-10-11T01:34:14 52000 29026000 2673000000 15 45514022912
2026-10-11T01:34:24 49000 15003000 1214000000 6 45764747264
2026-10-11T01:34:34 67000 109083000 2868000000 96 45781262336
2026-10-11T01:34:44 68000 95003000 2900000000 100 45781262336
2026-10-11T01:34:54 81000 120029000 2680000000 100 45781368832
2026-10-11T01:35:04 73000 99043000 2900000000 100 45781368832
2026-10-11T01:35:14 80000 121055000 2673000000 100 45781368832
2026-10-11T01:35:24 87000 120000000 2699000000 100 45781368832
2026-10-11T01:35:34 61000 82081000 2745000000 69 45781368832
2026-10-11T01:35:44 76000 105047000 2900000000 100 45781368832
2026-10-11T01:35:54 88000 120075000 2666000000 100 45781368832
2026-10-11T01:36:04 85000 120003000 2682000000 100 45781368832
2026-10-11T01:36:14 84000 116071000 2605000000 96 45781368832
2026-10-11T01:36:24 88000 119091000 2684000000 100 45781368832
2026-10-11T01:36:34 89000 119098000 2670000000 100 45781368832
2026-10-11T01:36:44 87000 120057000 2650000000 98 45781368832
2026-10-11T01:36:55 89000 120026000 2689000000 100 45781368832
2026-10-11T01:37:05 88000 120020000 2669000000 100 45781368832
2026-10-11T01:37:15 84000 119071000 2685000000 100 45781368832
2026-10-11T01:37:25 84000 119058000 2663000000 100 45781368832
2026-10-11T01:37:35 76000 103099000 2899000000 100 45781368832
2026-10-11T01:37:45 84000 124072000 2826000000 99 45781368832
2026-10-11T01:37:55 78000 107053000 2900000000 100 45781368832
2026-10-11T01:38:05 92000 120038000 2665000000 100 45781368832
2026-10-11T01:38:15 75000 105096000 2900000000 100 45781368832
2026-10-11T01:38:25 89000 121075000 2676000000 100 45781368832
2026-10-11T01:38:35 87000 119083000 2677000000 100 45781368832
2026-10-11T01:38:45 88000 119071000 2673000000 100 45781368832
2026-10-11T01:38:55 77000 107051000 2900000000 100 45781368832
2026-10-11T01:39:05 86000 121038000 2662000000 100 45781368832
2026-10-11T01:39:15 89000 120019000 2678000000 100 45781368832
2026-10-11T01:39:25 89000 120022000 2659000000 100 45781368832
2026-10-11T01:39:35 90000 120029000 2674000000 100 45781368832
2026-10-11T01:39:45 90000 119088000 2656000000 100 45781368832
2026-10-11T01:39:55 92000 120063000 2662000000 99 45781368832
2026-10-11T01:40:05 90000 120039000 2686000000 100 45781368832
2026-10-11T01:40:15 90000 119088000 2657000000 100 45781368832
2026-10-11T01:40:25 91000 120003000 2685000000 100 45781368832
2026-10-11T01:40:35 91000 120029000 2706000000 100 45781368832
2026-10-11T01:40:45 78000 105095000 2897000000 99 45781368832
2026-10-11T01:40:55 79000 105006000 2837000000 97 45781368832
2026-10-11T01:41:05 77000 106010000 2900000000 100 45781368832
2026-10-11T01:41:15 85000 121017000 2663000000 100 45781368832
2026-10-11T01:41:25 76000 100045000 2898000000 100 45781368832
2026-10-11T01:41:35 87000 131023000 2757000000 100 45781368832
2026-10-11T01:41:45 84000 119044000 2644000000 100 45781368832
2026-10-11T01:41:55 85000 120000000 2626000000 99 45781368832
2026-10-11T01:42:05 77000 98079000 2900000000 100 45781368832
2026-10-11T01:42:15 90000 131071000 2732000000 100 45781368832
2026-10-11T01:42:25 85000 116086000 2592000000 96 45781368832
2026-10-11T01:42:35 88000 119097000 2675000000 100 45781368832
2026-10-11T01:42:45 90000 119089000 2663000000 100 45781368832
2026-10-11T01:42:55 89000 119084000 2680000000 100 45781368832
2026-10-11T01:43:05 90000 119082000 2681000000 100 45781368832
2026-10-11T01:43:15 88000 120001000 2675000000 100 45781368832
2026-10-11T01:43:25 90000 119084000 2681000000 100 45781368832
2026-10-11T01:43:35 90000 119069000 2672000000 100 45781368832
2026-10-11T01:43:45 88000 119078000 2679000000 100 45781368832
2026-10-11T01:43:55 78000 93093000 2860000000 84 45781368832
2026-10-11T01:44:05 76000 104019000 2900000000 100 45781368832
2026-10-11T01:44:15 53000 20027000 800000000 4 88993783808
2026-10-11T01:44:25 51000 34049000 2669000000 10 89047543808
2026-10-11T01:44:36 49000 33063000 2609000000 9 89047543808
2026-10-11T01:44:46 49000 36022000 2391000000 12 89472331776
2026-10-11T01:44:56 72000 112085000 2894000000 100 89488769024
2026-10-11T01:45:06 66000 97069000 2900000000 100 89488769024
2026-10-11T01:45:16 82000 131086000 2835000000 100 89488769024
2026-10-11T01:45:26 83000 119096000 2795000000 100 89488769024
2026-10-11T01:45:36 74000 99007000 2884000000 94 89488769024
2026-10-11T01:45:46 71000 97064000 2900000000 100 89488769024
2026-10-11T01:45:56 85000 131075000 2835000000 100 89488769024
2026-10-11T01:46:06 87000 120020000 2779000000 100 89488769024
2026-10-11T01:46:16 88000 120035000 2781000000 100 89488769024
2026-10-11T01:46:26 87000 119087000 2761000000 100 89488769024
2026-10-11T01:46:36 86000 120040000 2766000000 100 89488769024
2026-10-11T01:46:46 87000 119088000 2783000000 100 89488769024
2026-10-11T01:46:56 76000 104078000 2898000000 100 89488769024
2026-10-11T01:47:06 74000 101033000 2900000000 100 89488769024
2026-10-11T01:47:16 78000 107098000 2897000000 100 89488920576
2026-10-11T01:47:26 76000 103022000 2900000000 100 89488920576
2026-10-11T01:47:36 87000 120021000 2776000000 100 89488920576
2026-10-11T01:47:46 86000 119035000 2855000000 100 89488920576
2026-10-11T01:47:56 74000 100021000 2900000000 100 89488920576
2026-10-11T01:48:06 72000 100035000 2900000000 100 89488920576
2026-10-11T01:48:16 85000 119097000 2781000000 100 89488920576
2026-10-11T01:48:26 87000 120013000 2756000000 100 89488920576
2026-10-11T01:48:36 89000 120022000 2763000000 100 89488920576
2026-10-11T01:48:46 85000 119078000 2762000000 100 89488920576
2026-10-11T01:48:56 86000 119071000 2746000000 100 89488920576
2026-10-11T01:49:06 88000 120036000 2765000000 100 89488920576
2026-10-11T01:49:16 76000 98097000 2900000000 100 89488920576
2026-10-11T01:49:26 83000 103090000 2863000000 98 89488920576
2026-10-11T01:49:36 76000 105068000 2900000000 100 89488920576
2026-10-11T01:49:46 74000 104055000 2900000000 100 89488920576
2026-10-11T01:49:56 87000 120009000 2785000000 100 89488920576
2026-10-11T01:50:06 86000 120045000 2886000000 100 89488920576
2026-10-11T01:50:16 74000 102080000 2900000000 100 89488920576
2026-10-11T01:50:26 90000 128091000 2811000000 100 89488920576
2026-10-11T01:50:36 88000 120015000 2778000000 100 89488920576
2026-10-11T01:50:46 88000 120001000 2769000000 100 89488920576
2026-10-11T01:50:56 86000 121047000 2707000000 98 89488920576
2026-10-11T01:51:06 86000 119072000 2768000000 100 89488920576
2026-10-11T01:51:16 88000 120001000 2765000000 100 89488920576
2026-10-11T01:51:26 79000 99001000 2828000000 90 89488920576
2026-10-11T01:51:36 76000 97001000 2900000000 100 89488920576
2026-10-11T01:51:46 53000 22091000 713000000 4 1518678016
2026-10-11T01:51:56 51000 37076000 2131000000 25 95326908416
2026-10-11T01:52:06 50000 37069000 2738000000 10 95326908416
2026-10-11T01:52:16 48000 37025000 2722000000 9 95326908416
2026-10-11T01:52:27 45000 5076000 633000000 0 95760084992
