# strata native experts v4: layer gu_type d_type offset blob_bytes gate_off up_off down_off [shard | gate,up,down] (n_expert 512, total 98369536000; absolute offsets in Qwen3.8-Flash-Next-UD-Q5_K_XL-00001-of-00006.gguf, or in the named shard beside it - per role where the column is gate,up,down)
0 13 8 0 3993600 1613062848 2196773568 720032448 Qwen3.8-Flash-Next-UD-Q5_K_XL-00004-of-00006.gguf
1 13 8 2044723200 3993600 3745021504 4328732224 2851991104 Qwen3.8-Flash-Next-UD-Q5_K_XL-00004-of-00006.gguf
2 14 8 4089446400 4428800 5912082880 6607204800 5019052480 Qwen3.8-Flash-Next-UD-Q5_K_XL-00004-of-00006.gguf
3 13 8 6356992000 3993600 8275221824 8858932544 7382191424 Qwen3.8-Flash-Next-UD-Q5_K_XL-00004-of-00006.gguf
4 13 8 8401715200 3993600 10392598848 10976309568 9499568448 Qwen3.8-Flash-Next-UD-Q5_K_XL-00004-of-00006.gguf
5 13 8 10446438400 3993600 12524557504 13108268224 11631527104 Qwen3.8-Flash-Next-UD-Q5_K_XL-00004-of-00006.gguf
6 13 8 12491161600 3993600 14656516160 15240226880 13763485760 Qwen3.8-Flash-Next-UD-Q5_K_XL-00004-of-00006.gguf
7 13 8 14535884800 3993600 16796832704 17380543424 15903802304 Qwen3.8-Flash-Next-UD-Q5_K_XL-00004-of-00006.gguf
8 13 8 16580608000 3993600 18914209728 19497920448 18021179328 Qwen3.8-Flash-Next-UD-Q5_K_XL-00004-of-00006.gguf
9 13 8 18625331200 3993600 21046168384 21629879104 20153137984 Qwen3.8-Flash-Next-UD-Q5_K_XL-00004-of-00006.gguf
10 13 8 20670054400 3993600 23178127040 23761837760 22285096640 Qwen3.8-Flash-Next-UD-Q5_K_XL-00004-of-00006.gguf
11 13 8 22714777600 3993600 25318443584 25902154304 24425413184 Qwen3.8-Flash-Next-UD-Q5_K_XL-00004-of-00006.gguf
12 13 8 24759500800 3993600 27435820608 28019531328 26542790208 Qwen3.8-Flash-Next-UD-Q5_K_XL-00004-of-00006.gguf
13 13 8 26804224000 3993600 29567779264 30151489984 28674748864 Qwen3.8-Flash-Next-UD-Q5_K_XL-00004-of-00006.gguf
14 13 8 28848947200 3993600 31699737920 32283448640 30806707520 Qwen3.8-Flash-Next-UD-Q5_K_XL-00004-of-00006.gguf
15 13 8 30893670400 3993600 33840054464 34423765184 32947024064 Qwen3.8-Flash-Next-UD-Q5_K_XL-00004-of-00006.gguf
16 13 8 32938393600 3993600 35957431488 36541142208 35064401088 Qwen3.8-Flash-Next-UD-Q5_K_XL-00004-of-00006.gguf
17 13 8 34983116800 3993600 38089390144 38673100864 37196359744 Qwen3.8-Flash-Next-UD-Q5_K_XL-00004-of-00006.gguf
18 13 8 37027840000 3993600 40221348800 40805059520 39328318400 Qwen3.8-Flash-Next-UD-Q5_K_XL-00004-of-00006.gguf
